0 48 169 527 321 0 177 343 292 
1 0 178 554 297 
2 0 178 551 297 
3 0 180 548 290 
4 0 177 545 290 
5 0 106 445 374 
6 7 85 538 401 
7 
8 31 28 577 442 
9 
10 0 26 448 449 
11 29 17 582 456 
12 28 5 571 468 
13 4 6 338 485 
14 28 6 571 469 
15 5 4 427 475 
16 1 19 346 456 
17 0 10 345 467 
18 3 7 418 469 
19 0 19 345 454 
20 0 16 347 455 
21 0 8 354 471 
22 0 12 361 466 
23 368 21 273 446 0 1 348 486 
24 22 0 397 485 
25 1 0 262 483 
26 0 0 336 482 
27 0 3 347 487 
28 0 23 277 457 
29 0 96 278 383 
30 0 94 282 383 
31 0 97 281 385 
32 0 88 279 390 
33 290 0 359 488 0 90 264 385 
34 294 0 350 488 0 103 272 370 
35 291 0 357 481 0 105 273 368 
36 0 105 282 364 
37 282 0 371 486 0 125 282 348 
38 0 125 285 347 
39 0 133 324 337 
40 0 133 323 338 
41 0 130 325 336 
42 0 124 324 356 
43 1 127 313 342 
44 0 127 321 329 
45 0 133 322 325 
46 0 137 324 314 
47 0 138 324 320 
48 0 139 325 320 
49 0 144 322 310 
50 0 145 321 310 
51 0 147 322 302 
52 6 144 304 310 
53 0 140 283 319 
54 12 148 294 304 
55 9 150 300 294 
56 0 135 276 319 
57 0 136 280 328 
58 
59 0 119 280 353 
60 0 117 286 351 
61 0 117 284 354 
62 0 111 284 359 
63 0 112 285 355 
64 0 111 314 355 
65 0 106 284 358 
66 2 89 311 380 
67 2 74 315 395 
68 385 20 255 448 4 79 312 386 
69 5 80 310 386 
70 0 28 349 453 
71 0 30 351 450 
72 0 23 343 464 
73 0 17 344 473 
74 44 30 535 440 
75 11 34 534 438 
76 38 42 562 417 
77 0 57 557 437 
78 19 32 586 441 
79 27 68 579 416 
80 22 32 583 445 
81 0 32 550 446 
82 9 35 520 434 
83 2 68 529 411 
84 4 25 531 446 
85 5 62 508 423 
86 0 8 538 476 
